              precision    recall  f1-score   support

           0       1.00      1.00      1.00        10
           1       1.00      1.00      1.00        13
           2       1.00      1.00      1.00         4
           3       1.00      1.00      1.00         7
           4       1.00      1.00      1.00         3
           5       1.00      1.00      1.00         6
           6       1.00      1.00      1.00         8
           7       1.00      1.00      1.00        10
           8       1.00      1.00      1.00        12
           9       1.00      1.00      1.00         6
          10       1.00      1.00      1.00         4
          11       1.00      1.00      1.00        12
          12       1.00      1.00      1.00        10

    accuracy                           1.00       105
   macro avg       1.00      1.00      1.00       105
weighted avg       1.00      1.00      1.00       105